255 255 255 255 255 255 255 255 255 255 255 255 255 255 255 255
255 214 153 153 153 153 153 153 153 153 153 153 153 153 214 255
255 153   0   0   0   0   0   0   0   0   0   0   0   0 153 255
255 153   0   0   0   0   0   0   0   0   0   0   0   0 153 255
255 153   0   0  10  51  51  51  51  51  51  10   0   0 153 255
255 153   0   0  51 255 255 255 255 255 255  51   0   0 153 255
255 153   0   0  51 255 254 137 104 105 175  51   0   0 153 255
255 153   0   0  51 255 170  62  55 219  73  51   0   0 153 255
255 153   0   0  51 229  24  75  28  74 145  51   0   0 153 255
255 153   0   0  50  89 179 147  74 239  95  50   0   0 153 255
255 153   0   0  50 254 255 254 254 255 254  50   0   0 153 255
255 153   0   0  10  51  51  51  51  51  51  10   0   0 153 255
255 153   0   0   0   0   0   0   0   0   0   0   0   0 153 255
255 153   0   0   0   0   0   0   0   0   0   0   0   0 153 255
255 214 153 153 153 153 153 153 153 153 153 153 153 153 214 255
255 255 255 255 255 255 255 255 255 255 255 255 255 255 255 255
255 255 255 255 255 255 255 255 255 255 255 255 255 255 255 255
255 214 153 153 153 153 153 153 153 153 153 153 153 153 214 255
255 153   0   0   0   0   0   0   0   0   0   0   0   0 153 255
255 153   0   0   0   0   0   0   0   0   0   0   0   0 153 255
255 153   0   0  10  51  51  51  51  51  51  10   0   0 153 255
255 153   0   0  51 255 255 255 255 255 255  51   0   0 153 255
255 153   0   0  51 255 254 137 104 105 175  51   0   0 153 255
255 153   0   0  51 255 170  62  55 219  73  51   0   0 153 255
255 153   0   0  51 229  24  75  28  74 145  51   0   0 153 255
255 153   0   0  50  89 179 147  74 239  95  50   0   0 153 255
255 153   0   0  50 254 255 254 254 255 254  50   0   0 153 255
255 153   0   0  10  51  51  51  51  51  51  10   0   0 153 255
255 153   0   0   0   0   0   0   0   0   0   0   0   0 153 255
255 153   0   0   0   0   0   0   0   0   0   0   0   0 153 255
255 214 153 153 153 153 153 153 153 153 153 153 153 153 214 255
255 255 255 255 255 255 255 255 255 255 255 255 255 255 255 255
255 255 255 255 255 255 255 255 255 255 255 255 255 255 255 255
255 214 153 153 153 153 153 153 153 153 153 153 153 153 214 255
255 153   0   0   0   0   0   0   0   0   0   0   0   0 153 255
255 153   0   0   0   0   0   0   0   0   0   0   0   0 153 255
255 153   0   0  10  51  51  51  51  51  51  10   0   0 153 255
255 153   0   0  51 255 255 255 255 255 255  51   0   0 153 255
255 153   0   0  51 255 254 137 104 105 175  51   0   0 153 255
255 153   0   0  51 255 170  62  55 219  73  51   0   0 153 255
255 153   0   0  51 229  24  75  28  74 145  51   0   0 153 255
255 153   0   0  50  89 179 147  74 239  95  50   0   0 153 255
255 153   0   0  50 254 255 254 254 255 254  50   0   0 153 255
255 153   0   0  10  51  51  51  51  51  51  10   0   0 153 255
255 153   0   0   0   0   0   0   0   0   0   0   0   0 153 255
255 153   0   0   0   0   0   0   0   0   0   0   0   0 153 255
255 214 153 153 153 153 153 153 153 153 153 153 153 153 214 255
255 255 255 255 255 255 255 255 255 255 255 255 255 255 255 255

255 255 255 255 255 255 255 255 255 255 255 255 255 255 255 255
255 214 153 153 153 153 153 153 153 153 153 153 153 153 214 255
255 153   0   0   0   0   0   0   0   0   0   0   0   0 153 255
255 153   0   0   0   0   0   0   0   0   0   0   0   0 153 255
255 153   0   0  10  51  51  51  51  50  50  10   0   0 153 255
255 153   0   0  51 255 175  73 145  95 254  51   0   0 153 255
255 153   0   0  51 255 105 219  74 239 255  51   0   0 153 255
255 153   0   0  51 255 104  55  28  74 254  51   0   0 153 255
255 153   0   0  51 255 137  62  75 147 254  51   0   0 153 255
255 153   0   0  51 255 254 170  24 179 255  51   0   0 153 255
255 153   0   0  51 255 255 255 229  89 254  51   0   0 153 255
255 153   0   0  10  51  51  51  51  50  50  10   0   0 153 255
255 153   0   0   0   0   0   0   0   0   0   0   0   0 153 255
255 153   0   0   0   0   0   0   0   0   0   0   0   0 153 255
255 214 153 153 153 153 153 153 153 153 153 153 153 153 214 255
255 255 255 255 255 255 255 255 255 255 255 255 255 255 255 255
255 255 255 255 255 255 255 255 255 255 255 255 255 255 255 255
255 214 153 153 153 153 153 153 153 153 153 153 153 153 214 255
255 153   0   0   0   0   0   0   0   0   0   0   0   0 153 255
255 153   0   0   0   0   0   0   0   0   0   0   0   0 153 255
255 153   0   0  10  51  51  51  51  50  50  10   0   0 153 255
255 153   0   0  51 255 175  73 145  95 254  51   0   0 153 255
255 153   0   0  51 255 105 219  74 239 255  51   0   0 153 255
255 153   0   0  51 255 104  55  28  74 254  51   0   0 153 255
255 153   0   0  51 255 137  62  75 147 254  51   0   0 153 255
255 153   0   0  51 255 254 170  24 179 255  51   0   0 153 255
255 153   0   0  51 255 255 255 229  89 254  51   0   0 153 255
255 153   0   0  10  51  51  51  51  50  50  10   0   0 153 255
255 153   0   0   0   0   0   0   0   0   0   0   0   0 153 255
255 153   0   0   0   0   0   0   0   0   0   0   0   0 153 255
255 214 153 153 153 153 153 153 153 153 153 153 153 153 214 255
255 255 255 255 255 255 255 255 255 255 255 255 255 255 255 255
255 255 255 255 255 255 255 255 255 255 255 255 255 255 255 255
255 214 153 153 153 153 153 153 153 153 153 153 153 153 214 255
255 153   0   0   0   0   0   0   0   0   0   0   0   0 153 255
255 153   0   0   0   0   0   0   0   0   0   0   0   0 153 255
255 153   0   0  10  51  51  51  51  50  50  10   0   0 153 255
255 153   0   0  51 255 175  73 145  95 254  51   0   0 153 255
255 153   0   0  51 255 105 219  74 239 255  51   0   0 153 255
255 153   0   0  51 255 104  55  28  74 254  51   0   0 153 255
255 153   0   0  51 255 137  62  75 147 254  51   0   0 153 255
255 153   0   0  51 255 254 170  24 179 255  51   0   0 153 255
255 153   0   0  51 255 255 255 229  89 254  51   0   0 153 255
255 153   0   0  10  51  51  51  51  50  50  10   0   0 153 255
255 153   0   0   0   0   0   0   0   0   0   0   0   0 153 255
255 153   0   0   0   0   0   0   0   0   0   0   0   0 153 255
255 214 153 153 153 153 153 153 153 153 153 153 153 153 214 255
255 255 255 255 255 255 255 255 255 255 255 255 255 255 255 255

255 255 255 255 255 255 255 255 255 255 255 255 255 255 255 255
255 214 153 153 153 153 153 153 153 153 153 153 153 153 214 255
255 153   0   0   0   0   0   0   0   0   0   0   0   0 153 255
255 153   0   0   0   0   0   0   0   0   0   0   0   0 153 255
255 153   0   0  10  51  51  51  51  51  51  10   0   0 153 255
255 153   0   0  50 254 255 254 254 255 254  50   0   0 153 255
255 153   0   0  50  95 239  74 147 179  89  50   0   0 153 255
255 153   0   0  51 145  74  28  75  24 229  51   0   0 153 255
255 153   0   0  51  73 219  55  62 170 255  51   0   0 153 255
255 153   0   0  51 175 105 104 137 254 255  51   0   0 153 255
255 153   0   0  51 255 255 255 255 255 255  51   0   0 153 255
255 153   0   0  10  51  51  51  51  51  51  10   0   0 153 255
255 153   0   0   0   0   0   0   0   0   0   0   0   0 153 255
255 153   0   0   0   0   0   0   0   0   0   0   0   0 153 255
255 214 153 153 153 153 153 153 153 153 153 153 153 153 214 255
255 255 255 255 255 255 255 255 255 255 255 255 255 255 255 255
255 255 255 255 255 255 255 255 255 255 255 255 255 255 255 255
255 214 153 153 153 153 153 153 153 153 153 153 153 153 214 255
255 153   0   0   0   0   0   0   0   0   0   0   0   0 153 255
255 153   0   0   0   0   0   0   0   0   0   0   0   0 153 255
255 153   0   0  10  51  51  51  51  51  51  10   0   0 153 255
255 153   0   0  50 254 255 254 254 255 254  50   0   0 153 255
255 153   0   0  50  95 239  74 147 179  89  50   0   0 153 255
255 153   0   0  51 145  74  28  75  24 229  51   0   0 153 255
255 153   0   0  51  73 219  55  62 170 255  51   0   0 153 255
255 153   0   0  51 175 105 104 137 254 255  51   0   0 153 255
255 153   0   0  51 255 255 255 255 255 255  51   0   0 153 255
255 153   0   0  10  51  51  51  51  51  51  10   0   0 153 255
255 153   0   0   0   0   0   0   0   0   0   0   0   0 153 255
255 153   0   0   0   0   0   0   0   0   0   0   0   0 153 255
255 214 153 153 153 153 153 153 153 153 153 153 153 153 214 255
255 255 255 255 255 255 255 255 255 255 255 255 255 255 255 255
255 255 255 255 255 255 255 255 255 255 255 255 255 255 255 255
255 214 153 153 153 153 153 153 153 153 153 153 153 153 214 255
255 153   0   0   0   0   0   0   0   0   0   0   0   0 153 255
255 153   0   0   0   0   0   0   0   0   0   0   0   0 153 255
255 153   0   0  10  51  51  51  51  51  51  10   0   0 153 255
255 153   0   0  50 254 255 254 254 255 254  50   0   0 153 255
255 153   0   0  50  95 239  74 147 179  89  50   0   0 153 255
255 153   0   0  51 145  74  28  75  24 229  51   0   0 153 255
255 153   0   0  51  73 219  55  62 170 255  51   0   0 153 255
255 153   0   0  51 175 105 104 137 254 255  51   0   0 153 255
255 153   0   0  51 255 255 255 255 255 255  51   0   0 153 255
255 153   0   0  10  51  51  51  51  51  51  10   0   0 153 255
255 153   0   0   0   0   0   0   0   0   0   0   0   0 153 255
255 153   0   0   0   0   0   0   0   0   0   0   0   0 153 255
255 214 153 153 153 153 153 153 153 153 153 153 153 153 214 255
255 255 255 255 255 255 255 255 255 255 255 255 255 255 255 255

255 255 255 255 255 255 255 255 255 255 255 255 255 255 255 255
255 214 153 153 153 153 153 153 153 153 153 153 153 153 214 255
255 153   0   0   0   0   0   0   0   0   0   0   0   0 153 255
255 153   0   0   0   0   0   0   0   0   0   0   0   0 153 255
255 153   0   0  10  50  50  51  51  51  51  10   0   0 153 255
255 153   0   0  51 254  89 229 255 255 255  51   0   0 153 255
255 153   0   0  51 255 179  24 170 254 255  51   0   0 153 255
255 153   0   0  51 254 147  75  62 137 255  51   0   0 153 255
255 153   0   0  51 254  74  28  55 104 255  51   0   0 153 255
255 153   0   0  51 255 239  74 219 105 255  51   0   0 153 255
255 153   0   0  51 254  95 145  73 175 255  51   0   0 153 255
255 153   0   0  10  50  50  51  51  51  51  10   0   0 153 255
255 153   0   0   0   0   0   0   0   0   0   0   0   0 153 255
255 153   0   0   0   0   0   0   0   0   0   0   0   0 153 255
255 214 153 153 153 153 153 153 153 153 153 153 153 153 214 255
255 255 255 255 255 255 255 255 255 255 255 255 255 255 255 255
255 255 255 255 255 255 255 255 255 255 255 255 255 255 255 255
255 214 153 153 153 153 153 153 153 153 153 153 153 153 214 255
255 153   0   0   0   0   0   0   0   0   0   0   0   0 153 255
255 153   0   0   0   0   0   0   0   0   0   0   0   0 153 255
255 153   0   0  10  50  50  51  51  51  51  10   0   0 153 255
255 153   0   0  51 254  89 229 255 255 255  51   0   0 153 255
255 153   0   0  51 255 179  24 170 254 255  51   0   0 153 255
255 153   0   0  51 254 147  75  62 137 255  51   0   0 153 255
255 153   0   0  51 254  74  28  55 104 255  51   0   0 153 255
255 153   0   0  51 255 239  74 219 105 255  51   0   0 153 255
255 153   0   0  51 254  95 145  73 175 255  51   0   0 153 255
255 153   0   0  10  50  50  51  51  51  51  10   0   0 153 255
255 153   0   0   0   0   0   0   0   0   0   0   0   0 153 255
255 153   0   0   0   0   0   0   0   0   0   0   0   0 153 255
255 214 153 153 153 153 153 153 153 153 153 153 153 153 214 255
255 255 255 255 255 255 255 255 255 255 255 255 255 255 255 255
255 255 255 255 255 255 255 255 255 255 255 255 255 255 255 255
255 214 153 153 153 153 153 153 153 153 153 153 153 153 214 255
255 153   0   0   0   0   0   0   0   0   0   0   0   0 153 255
255 153   0   0   0   0   0   0   0   0   0   0   0   0 153 255
255 153   0   0  10  50  50  51  51  51  51  10   0   0 153 255
255 153   0   0  51 254  89 229 255 255 255  51   0   0 153 255
255 153   0   0  51 255 179  24 170 254 255  51   0   0 153 255
255 153   0   0  51 254 147  75  62 137 255  51   0   0 153 255
255 153   0   0  51 254  74  28  55 104 255  51   0   0 153 255
255 153   0   0  51 255 239  74 219 105 255  51   0   0 153 255
255 153   0   0  51 254  95 145  73 175 255  51   0   0 153 255
255 153   0   0  10  50  50  51  51  51  51  10   0   0 153 255
255 153   0   0   0   0   0   0   0   0   0   0   0   0 153 255
255 153   0   0   0   0   0   0   0   0   0   0   0   0 153 255
255 214 153 153 153 153 153 153 153 153 153 153 153 153 214 255
255 255 255 255 255 255 255 255 255 255 255 255 255 255 255 255
